C42g	144	0.0	0.010209906745082951	0.007412378568479457	0.03003748851180882	0.03128999845639436	0.03045506531669666	0.02987163326237752	0.030879884360183983	0.03169384225173966	0.027841162156764323	0.0346851218	0.009658626801539538	0.011366831880109944	0.009387285178266518	0.01119461625634746	0.01239941207932034	0.011135123514717057	0.012459133983466613	0.0094488036390005	0.012083416701809457	0.012261334635265894	0.010707104503109379	0.011071346529714057	0.0076216141	0.03499973546640336	0.034383586699999996	0.0152405623	0.0076205517
C42a/C42.2/C1/C42g-C1b-C42ad-C42ac-C1az-C42b	102	0.010209906745082951	0.0	0.00279758790084093	0.023657713288192987	0.02491022323277853	0.02407529009308083	0.023491858038761693	0.02450010913656815	0.025314067028123822	0.021461052966545154	0.02830534657638417	0.0011716772310528258	0.001601857560196821	0.0023807236645327	0.002558184068604781	0.0028027171101096832	0.004752601117050128	0.002955865240253693	0.0024943339614774953	0.004620583134260852	0.0032730198071272355	0.00246508790532153	0.004689351141896008	0.007445376544903057	0.028619960242787526	0.028003811476384168	0.01136838516113332	0.01655344251791925
C42g/C42a-C1-C42.2-C1b	114	0.007412378568479457	0.00279758790084093	0.0	0.02262765937849881	0.02388016932308435	0.02304523618338665	0.022461804129067516	0.023470055226873975	0.024284013118429648	0.020430999056850977	0.027275292666689994	0.0022775299017594717	0.003954474341163708	0.002691928364020794	0.0037822554671203944	0.004987033510840884	0.0037227449462375996	0.0050467554149871575	0.0030919242909115763	0.0046710381333300004	0.0048489674977034245	0.003294794254625825	0.0036594102285544055	0.005652427935159452	0.02758990633309335	0.02697375756668999	0.009933784848385484	0.015031699237788663
C31-C21-C31d-C21aj	81	0.03003748851180882	0.023657713288192987	0.02262765937849881	0.0	0.003671987343605641	0.0020149113923755473	0.000916597272823834	0.0032623060041195883	0.002371552163581009	0.002584335295750426	0.007067610437236278	0.02344872238970545	0.022860326964152643	0.024895871199082636	0.021671821694025935	0.021045292622733355	0.018906077654560267	0.02157118300693077	0.023674856888600423	0.019037855396283478	0.021283549158410176	0.02247449666560806	0.01896952850479022	0.02241787441180882	0.026936314378212176	0.026320165611808815	0.02241787381180882	0.03765604021180882
C31-C21-C31e	82	0.03128999845639436	0.02491022323277853	0.02388016932308435	0.003671987343605641	0.0	0.001657334193552232	0.004214812365522536	0.0013003800241775838	0.0013006788342834815	0.004905823824477553	0.004893397847675232	0.02470123233429099	0.024112836908738187	0.02614838114366818	0.022924331638611475	0.0222978025673189	0.02015858759914581	0.022823692951516313	0.024927366833185964	0.020290365340869018	0.02253605910299572	0.0237270066101936	0.020222038449375764	0.02367038435639436	0.028188824322797717	0.02757267555639436	0.02367038375639436	0.038908550156394356
C31-C21-C31e-C31d	84	0.03045506531669666	0.02407529009308083	0.02304523618338665	0.0020149113923755473	0.001657334193552232	0.0	0.0025576590827734447	0.0012475586634852374	0.0012627017644771057	0.00324864863586066	0.006077408643471307	0.023866299194593293	0.023277903769040487	0.02531344800397048	0.022089398498913775	0.021462869427621198	0.01932365445944811	0.021988759811818612	0.024092433693488263	0.019455432201171317	0.02170112596329802	0.022892073470495898	0.019387105309678063	0.02283545121669666	0.02735389118310002	0.026737742416696658	0.02283545061669666	0.03807361701669666
C31-C21-C31d-C21.11/C21ac-C21aj	86	0.02987163326237752	0.023491858038761693	0.022461804129067516	0.000916597272823834	0.004214812365522536	0.0025576590827734447	0.0	0.0030540281041607064	0.0029142931523295354	0.0032702765039457375	0.007610351425984804	0.023282867140274156	0.022694471714721352	0.02473001594965134	0.02150596644459464	0.020879437373302064	0.018740222405128976	0.021405327757499475	0.02350900163916913	0.018872000146852183	0.021117693908978885	0.022308641416176764	0.01880367325535893	0.022252019162377526	0.026770267367133213	0.026154118600729852	0.022252018562377525	0.03749018496237752
C31-C21-C31e-C21.11/C21ac	98	0.030879884360183983	0.02450010913656815	0.023470055226873975	0.0032623060041195883	0.0013003800241775838	0.0012475586634852374	0.0030540281041607064	0.0	0.0022014855193510847	0.004495709728267173	0.006193663283311669	0.02429111823808061	0.023702722812527808	0.025738267047457797	0.022514217542401096	0.02188768847110852	0.019748473502935432	0.022413578855305934	0.024517252736975585	0.01988025124465864	0.022125945006785344	0.023316892513983223	0.019811924353165384	0.02326027026018398	0.0277784862489851	0.02716233748258174	0.023260269660183984	0.03849843606018398
C31-C21-C31d-C31e-C21aj	108	0.03169384225173966	0.025314067028123822	0.024284013118429648	0.002371552163581009	0.0013006788342834815	0.0012627017644771057	0.0029142931523295354	0.0022014855193510847	0.0	0.0042415618103447406	0.0056968205503199355	0.02510507612963628	0.024516680704083478	0.02655222493901347	0.023328175433956762	0.02270164636266419	0.020562431394491102	0.023227536746861607	0.025331210628531258	0.02069420913621431	0.02293990289834101	0.024130850405538893	0.020625882244721058	0.024074228151739655	0.02859266811814301	0.02797651935173965	0.02407422755173965	0.03931239395173965
C31-C21-C31d-C42a	113	0.027841162156764323	0.021461052966545154	0.020430999056850977	0.002584335295750426	0.004905823824477553	0.00324864863586066	0.0032702765039457375	0.004495709728267173	0.0042415618103447406	0.0	0.008301337729027098	0.021252062068057617	0.02066366664250481	0.022699210877434803	0.0194751613723781	0.01884863230108552	0.016709417332912434	0.019374522685282936	0.021478196566952587	0.01684119507463564	0.019086888836762343	0.020277836343960225	0.016772868183142386	0.020221214090160984	0.02855717309846015	0.027941024332056794	0.021493784682641737	0.03545971385676432
C31	119	0.0346851218	0.02830534657638417	0.027275292666689994	0.007067610437236278	0.004893397847675232	0.006077408643471307	0.007610351425984804	0.006193663283311669	0.0056968205503199355	0.008301337729027098	0.0	0.02809635567789663	0.02750796025234383	0.029543504487273824	0.026319454982217116	0.025692925910924536	0.023553710942751452	0.026218816295121954	0.028322490176791608	0.02368548868447466	0.02593118244660136	0.027122129953799243	0.023617161792981407	0.027065507700000005	0.031583947666403364	0.030967798900000003	0.027065507100000004	0.0423036735
C42a-C42.2-C1-C42b-C1b-C42ad-C42ac	85	0.009658626801539538	0.0011716772310528258	0.0022775299017594717	0.02344872238970545	0.02470123233429099	0.023866299194593293	0.023282867140274156	0.02429111823808061	0.02510507612963628	0.021252062068057617	0.02809635567789663	0.0	0.0025599996567690813	0.0014681678612816155	0.002431885159889777	0.00371911499905754	0.004543611616346568	0.0038268135002128235	0.0015945022738935322	0.00441144561983405	0.0036393701709738382	0.0017997671635402357	0.004480250906461034	0.006680560869629111	0.028410969344299992	0.02779482057789663	0.01072354259797061	0.015595599383315006
C42a-C42.2-C1-C42ad-C1b-C42ac-C42ah-C1az	91	0.011366831880109944	0.001601857560196821	0.003954474341163708	0.022860326964152643	0.024112836908738187	0.023277903769040487	0.022694471714721352	0.023702722812527808	0.024516680704083478	0.02066366664250481	0.02750796025234383	0.0025599996567690813	0.0	0.0039427660593989566	0.0011887002870125142	0.0018885378834082953	0.003955125618468534	0.00207755291204411	0.0024981803801199403	0.003823136087273968	0.002840148876322594	0.002181067745410837	0.003974922725411164	0.006904478355682159	0.02782257391874719	0.027206425152343828	0.010679395417011494	0.01815493252043978
C42a-C42.2-C1-C1b-C42b-C42ad-C42ac-C42h-C42ai	94	0.009387285178266518	0.0023807236645327	0.002691928364020794	0.024895871199082636	0.02614838114366818	0.02531344800397048	0.02473001594965134	0.025738267047457797	0.02655222493901347	0.022699210877434803	0.029543504487273824	0.0014681678612816155	0.0039427660593989566	0.0	0.0038587661457510276	0.005085200094278868	0.005991128115416846	0.005274193753151744	0.0022625077899986303	0.005858962118904328	0.004639005915390512	0.002799421702318602	0.005927749410929693	0.007348531236139158	0.029858118153677178	0.029241969387273817	0.01197043299727082	0.015117800799250222
C42a-C1-C42.2-C1b-C42ad-C42ac-C3-C42ah	96	0.01119461625634746	0.002558184068604781	0.0037822554671203944	0.021671821694025935	0.022924331638611475	0.022089398498913775	0.02150596644459464	0.022514217542401096	0.023328175433956762	0.0194751613723781	0.026319454982217116	0.002431885159889777	0.0011887002870125142	0.0038587661457510276	0.0	0.0019604213763814004	0.0034844684901514274	0.00266750727380048	0.002370075375995258	0.002634518609258117	0.002938081303468612	0.0020564859588075245	0.0035064589269788965	0.0065314705626049584	0.026634068648620474	0.026017919882217116	0.010210822186995202	0.018026831777858857
C42a/C42.2/C1-C1b-C42ad-C1az-C3-C42ac	100	0.01239941207932034	0.0028027171101096832	0.004987033510840884	0.021045292622733355	0.0222978025673189	0.021462869427621198	0.020879437373302064	0.02188768847110852	0.02270164636266419	0.01884863230108552	0.025692925910924536	0.00371911499905754	0.0018885378834082953	0.005085200094278868	0.0019604213763814004	0.0	0.0039519299392477905	0.0008390911916027293	0.0040927982665667165	0.0022324734502248665	0.0017174990213058765	0.003180517736219979	0.004015957802231115	0.007466266399590204	0.026007539577327893	0.025391390810924536	0.010287707409185408	0.019191381996411794
C42a-C42.2-C1-C1b	101	0.011135123514717057	0.004752601117050128	0.0037227449462375996	0.018906077654560267	0.02015858759914581	0.01932365445944811	0.018740222405128976	0.019748473502935432	0.020562431394491102	0.016709417332912434	0.023553710942751452	0.004543611616346568	0.003955125618468534	0.005991128115416846	0.0034844684901514274	0.0039519299392477905	0.0	0.003915977892501276	0.004770053710599116	0.0020290570085916976	0.0036966442385428593	0.0035691318684763045	6.40663271345729e-05	0.0035146661833633276	0.02386832460915481	0.02325217584275145	0.006727307563927215	0.018753675214717054
C42a/C1/C42.2-C1b-C42ad-C1az-C1au-C42ac	104	0.012459133983466613	0.002955865240253693	0.0050467554149871575	0.02157118300693077	0.022823692951516313	0.021988759811818612	0.021405327757499475	0.022413578855305934	0.023227536746861607	0.019374522685282936	0.026218816295121954	0.0038268135002128235	0.00207755291204411	0.005274193753151744	0.00266750727380048	0.0008390911916027293	0.003915977892501276	0.0	0.004233943086838493	0.0027951671588114647	0.0015456770841863255	0.0034031259587852117	0.003979996783021612	0.007430270899880048	0.02653342996152531	0.025917281195121954	0.010269546701959216	0.01933252267882847
C42a-C42.2-C1-C42b-C1b-C42ad-C42ah-C42ac	107	0.0094488036390005	0.0024943339614774953	0.0030919242909115763	0.023674856888600423	0.024927366833185964	0.024092433693488263	0.02350900163916913	0.024517252736975585	0.025331210628531258	0.021478196566952587	0.028322490176791608	0.0015945022738935322	0.0024981803801199403	0.0022625077899986303	0.002370075375995258	0.0040927982665667165	0.004770053710599116	0.004233943086838493	0.0	0.004637898787266392	0.003994094574367686	0.0023147697801299567	0.004706626950483673	0.005644237479130435	0.028637103843194966	0.028020955076791608	0.01046263498583708	0.015657315258760622
C42a-C42.2-C1-C3-C1b-C42ad	109	0.012083416701809457	0.004620583134260852	0.0046710381333300004	0.019037855396283478	0.020290365340869018	0.019455432201171317	0.018872000146852183	0.01988025124465864	0.02069420913621431	0.01684119507463564	0.02368548868447466	0.00441144561983405	0.003823136087273968	0.005858962118904328	0.002634518609258117	0.0022324734502248665	0.0020290570085916976	0.0027951671588114647	0.004637898787266392	0.0	0.002575938544112962	0.0034370065825460533	0.002092960523022391	0.005543333421943417	0.024000102350878016	0.023383953584474655	0.008393694754323704	0.019161814111576525
C42.2/C1-C42a-C42ad-C1au-C1b	115	0.012261334635265894	0.0032730198071272355	0.0048489674977034245	0.021283549158410176	0.02253605910299572	0.02170112596329802	0.021117693908978885	0.022125945006785344	0.02293990289834101	0.019086888836762343	0.02593118244660136	0.0036393701709738382	0.002840148876322594	0.004639005915390512	0.002938081303468612	0.0017174990213058765	0.0036966442385428593	0.0015456770841863255	0.003994094574367686	0.002575938544112962	0.0	0.002124986860677344	0.003760663328983228	0.007211206938044782	0.02624579611300472	0.025629647346601357	0.009804316160515794	0.01859476757640944
C42a-C42ad-C42.2-C1-C1b	116	0.010707104503109379	0.00246508790532153	0.003294794254625825	0.02247449666560806	0.0237270066101936	0.022892073470495898	0.022308641416176764	0.023316892513983223	0.024130850405538893	0.020277836343960225	0.027122129953799243	0.0017997671635402357	0.002181067745410837	0.002799421702318602	0.0020564859588075245	0.003180517736219979	0.0035691318684763045	0.0034031259587852117	0.0023147697801299567	0.0034370065825460533	0.002124986860677344	0.0	0.003505751604129174	0.006227094614287143	0.0274367436202026	0.02682059485379924	0.009978837549580084	0.016755318691531695
C42a-C42.2-C1-C1lq	117	0.011071346529714057	0.004689351141896008	0.0036594102285544055	0.01896952850479022	0.020222038449375764	0.019387105309678063	0.01880367325535893	0.019811924353165384	0.020625882244721058	0.016772868183142386	0.023617161792981407	0.004480250906461034	0.003974922725411164	0.005927749410929693	0.0035064589269788965	0.004015957802231115	6.40663271345729e-05	0.003979996783021612	0.004706626950483673	0.002092960523022391	0.003760663328983228	0.003505751604129174	0.0	0.003450878200559888	0.02393177545938476	0.0233156266929814	0.006705415020435913	0.018689898229714057
C42a	118	0.0076216141	0.007445376544903057	0.005652427935159452	0.02241787441180882	0.02367038435639436	0.02283545121669666	0.022252019162377526	0.02326027026018398	0.024074228151739655	0.020221214090160984	0.027065507700000005	0.006680560869629111	0.006904478355682159	0.007348531236139158	0.0065314705626049584	0.007466266399590204	0.0035146661833633276	0.007430270899880048	0.005644237479130435	0.005543333421943417	0.007211206938044782	0.006227094614287143	0.003450878200559888	0.0	0.02738012136640336	0.0267639726	0.007620948200000001	0.0152401658
C15-C15dt	105	0.03499973546640336	0.028619960242787526	0.02758990633309335	0.026936314378212176	0.028188824322797717	0.02735389118310002	0.026770267367133213	0.0277784862489851	0.02859266811814301	0.02855717309846015	0.031583947666403364	0.028410969344299992	0.02782257391874719	0.029858118153677178	0.026634068648620474	0.026007539577327893	0.02386832460915481	0.02653342996152531	0.028637103843194966	0.024000102350878016	0.02624579611300472	0.0274367436202026	0.02393177545938476	0.02738012136640336	0.0	0.0006164723340465953	0.02738012076640336	0.042618287166403354
C15	120	0.034383586699999996	0.028003811476384168	0.02697375756668999	0.026320165611808815	0.02757267555639436	0.026737742416696658	0.026154118600729852	0.02716233748258174	0.02797651935173965	0.027941024332056794	0.030967798900000003	0.02779482057789663	0.027206425152343828	0.029241969387273817	0.026017919882217116	0.025391390810924536	0.02325217584275145	0.025917281195121954	0.028020955076791608	0.023383953584474655	0.025629647346601357	0.02682059485379924	0.0233156266929814	0.0267639726	0.0006164723340465953	0.0	0.026763972	0.0420021384
C1d	121	0.0152405623	0.01136838516113332	0.009933784848385484	0.02241787381180882	0.02367038375639436	0.02283545061669666	0.022252018562377525	0.023260269660183984	0.02407422755173965	0.021493784682641737	0.027065507100000004	0.01072354259797061	0.010679395417011494	0.01197043299727082	0.010210822186995202	0.010287707409185408	0.006727307563927215	0.010269546701959216	0.01046263498583708	0.008393694754323704	0.009804316160515794	0.009978837549580084	0.006705415020435913	0.007620948200000001	0.02738012076640336	0.026763972	0.0	0.022859114
C42u	122	0.0076205517	0.01655344251791925	0.015031699237788663	0.03765604021180882	0.038908550156394356	0.03807361701669666	0.03749018496237752	0.03849843606018398	0.03931239395173965	0.03545971385676432	0.0423036735	0.015595599383315006	0.01815493252043978	0.015117800799250222	0.018026831777858857	0.019191381996411794	0.018753675214717054	0.01933252267882847	0.015657315258760622	0.019161814111576525	0.01859476757640944	0.016755318691531695	0.018689898229714057	0.0152401658	0.042618287166403354	0.0420021384	0.022859114	0.0
